0.0 155.02902954 163.685674388 106.470653234 187.843019567 373.68703483 456.224725327 550.523387332 643.310966796 728.033653068 344.305097261 233.240219516 226.71788637 285.03508556 402.548133768 469.847847712 553.709310017 670.465509926 736.981003826 633.090830766 560.315982281 466.649761599 423.382805508 371.102411741 370.158074341 403.073194346 480.800374376 603.096178068 699.30608463 727.159542329 618.450483062 558.463964818 516.189887541 474.051684946 541.531162538 520.649594257 586.900332254 682.358410221 793.364985363 304.38133977 292.027395975 758.34886431 968.281983722 953.958594489 595.509865577 594.968906751 914.840423243 860.309246725 768.584413061 842.33544387 663.844108206 549.738119471 490.652626611 522.288234598 438.589785563 377.69034936 286.530975638 426.071590229 337.21358217 257.660629511 1193.08549568 945.949258681 758.032321211 604.414592809 571.317774973 990.818348639 797.4139452 691.159171248 315.126958542 112.751940116 874.012013647 1193.98701835 670.871075543 657.219902316 617.447973517 735.666364597 780.732988928 927.155866076 936.620520809 815.221442309 811.600887136 949.21704578 929.74889083 1087.90900355 915.240405577 1051.51414636 1249.51270502 1311.60054895 768.350180582 1170.50288338 755.890203667 1345.20481712 1321.96974247 1275.35720486 1794.01700103 1088.8461783 1223.70012667 1345.52071705 1409.60278093 1021.75241619
155.02902954 0.0 291.624758894 181.400110254 89.8053450525 222.800359066 302.828334209 395.921709433 488.541707534 573.013961435 433.081978383 316.115485227 256.766430828 206.400096899 273.117190964 323.692755557 406.162529045 519.293751166 582.794131748 700.755306794 664.896984502 559.260225655 459.787994624 370.482118327 327.879551055 317.505905457 370.919128652 468.73553311 552.786577261 584.729852154 727.165043164 628.156031572 545.82231541 473.903998717 540.91958737 478.006276109 492.587048145 563.692291947 660.401393094 157.079597657 137.17871555 894.899435691 1108.63700101 1098.90172445 730.508042392 740.141878291 1063.76924189 1014.04240542 921.585590165 990.769902651 817.570180474 703.649060257 640.538835669 675.186640863 592.942661646 531.661546475 440.910421741 575.10433836 482.2499352 404.120031674 1346.26334719 1096.05930496 903.606662215 729.715698063 711.686728835 1139.23878094 939.244909488 825.823831092 462.031384215 267.478971136 1015.01970424 1346.34356685 705.216278882 674.272941768 617.537043423 683.5181051 705.624546058 832.694421742 819.270407131 836.301381082 793.605695544 908.619282208 861.538739698 1003.29257946 920.509098271 988.342046055 1158.77521548 1227.58706412 658.886940226 1093.15918328 727.571302348 1253.0227452 1243.50231202 1200.77058592 1691.40681091 948.991043161 1080.65350599 1199.37650469 1262.38900502 896.528861777
163.685674388 291.624758894 0.0 119.218287188 277.47792705 481.274350033 567.386993154 665.405891167 758.030342401 846.047280003 194.486503388 109.772492001 175.071414 322.601921879 473.753100254 562.003558708 645.111618249 768.016275869 845.819129602 486.173837223 397.724779213 309.375176768 313.209195267 307.050484448 350.385501983 423.467826405 519.878832037 667.971556281 783.868611439 802.178284423 455.027471698 412.161376162 404.085387016 394.55544604 456.207189772 480.242647003 598.609221446 720.136098248 849.164883871 410.556938804 417.32601165 743.303437366 938.235045178 911.000548847 591.077829055 562.28195774 858.661749468 779.772402692 695.224424197 789.588500423 547.205628626 476.248884513 445.583886603 403.279059709 333.793349245 315.456811624 195.450761063 293.75159574 196.596032513 125.674181915 1069.22869397 811.791229319 614.447719501 442.59688205 420.415270893 852.283990229 648.0771559 534.602656185 302.235007899 110.072703247 844.252331948 1066.45206174 546.937839247 548.435046291 526.263242114 690.792298741 759.334577113 924.026514771 964.197593857 697.699792174 728.920434615 884.653604526 895.313352966 1068.72494123 808.50726651 1008.35360861 1234.98056665 1287.85286427 789.952530219 1141.05652796 685.440734127 1331.12471241 1291.44299139 1240.97260244 1789.26241787 1151.68789175 1291.84093448 1420.07922314 1486.54128769 1059.5362193
106.470653234 181.400110254 119.218287188 0.0 158.268758762 362.063530337 448.170726398 546.190442978 638.815309773 726.837671011 256.674891643 139.817738503 120.619235614 216.094886566 359.489916409 444.253306122 527.79730958 650.110759794 726.862435403 537.568600273 485.149461506 382.604234164 318.234190495 266.084573021 275.835095664 327.273585857 416.832100491 557.021543569 668.300082298 688.962263118 546.725708194 463.303356344 410.701838321 368.142635401 435.412448145 422.246373578 509.23079247 619.406974452 742.097028696 291.341723754 299.87997599 824.325785112 1027.61957942 1006.23307439 665.32398123 650.713454602 959.329453316 889.154654714 801.804215504 888.561196542 665.003007512 581.408634267 538.445911861 521.003838757 447.800178651 413.552898672 301.761495224 412.752952745 315.805319778 243.032919581 1188.28994778 930.919975078 732.606988774 548.766799287 536.972997459 971.018537413 764.492642214 647.22252742 375.623481694 153.40469354 933.12646517 1185.65467148 566.593328588 551.044462816 511.141858979 637.546076766 690.379605724 844.759137269 869.166267178 709.592841001 706.280397576 847.080279549 835.538748353 999.524887134 808.804673577 954.971203754 1163.30993291 1222.01145657 696.983500522 1078.61068046 652.161023061 1259.36491931 1230.0 1182.01184427 1712.641527 1043.06950871 1181.75547386 1308.23315965 1374.0931555 960.25517442
187.843019567 89.8053450525 277.47792705 158.268758762 0.0 203.796467094 289.913780286 387.985824483 480.553847139 568.656310965 382.200209314 269.940734236 190.965965554 117.652029307 214.848784032 289.126269993 373.230491788 494.037447973 568.900694322 632.73770237 616.601167693 506.131405862 384.439852253 286.681007393 238.302328986 232.441390462 297.200269179 415.480444787 516.577196554 541.560707585 680.520389114 562.107640937 466.541530842 388.329756779 454.569026662 388.207418785 412.20019408 496.614538651 605.528694613 133.180328878 149.49581934 946.041225317 1156.08174451 1140.9469751 782.897822196 782.192431567 1099.8518082 1038.5282856 948.85457263 1027.78402401 822.294351191 728.607576134 675.811364213 678.35683825 602.747044787 557.606492071 453.547130958 570.953588306 474.071724531 400.719353164 1346.48579643 1089.00183655 889.629136214 695.420735958 692.720001155 1128.5964735 919.705387611 799.050686753 502.398248405 288.392094205 1061.78152178 1343.92336091 625.431850804 590.373610521 530.762658822 594.49810765 620.316854519 753.663718113 751.822452445 752.354304833 704.256345374 819.049449057 775.136117079 921.210616526 833.389464776 901.235263402 1078.92770842 1145.62515685 586.345461311 1009.17590142 637.828346814 1173.80109047 1159.99008616 1116.23698201 1616.77023723 901.738875728 1037.5687929 1160.98794137 1225.80789686 834.827527098
373.68703483 222.800359066 481.274350033 362.063530337 203.796467094 0.0 86.1452262171 184.352922407 276.761630289 365.016437986 568.858506133 464.307010501 372.533219995 213.57200191 115.156415366 105.209315177 184.390889146 296.920864878 366.034151412 786.588837958 800.769629794 687.025472599 531.286175239 413.87558517 326.075144714 244.969385842 229.558271469 264.024620064 331.024168302 366.170725209 865.529317817 721.944596212 596.270073037 495.149472382 550.877481841 435.827947704 359.824957445 380.569310376 452.019911066 71.0633520178 94.6255779375 1115.71725809 1330.38490671 1321.58578988 951.185576005 962.913287893 1286.41556272 1233.81441068 1142.27142134 1213.47641098 1025.17169294 923.230198813 862.861518437 881.363148764 804.005596995 751.233652068 653.33758502 774.677352193 677.867981247 604.156436695 1550.17579648 1292.66933127 1092.46372938 890.465608544 894.723420952 1331.83369833 1121.00713646 997.75999118 684.740096679 483.194577784 1237.00808405 1547.71735146 746.084445623 693.907774852 618.953956284 600.334073662 584.638349751 675.233293018 628.856104367 849.752905261 753.558226018 828.580110792 742.437202732 854.880108553 906.830193586 871.644422916 998.310572918 1075.16045314 485.703613328 952.844688289 677.058343129 1089.07759136 1098.45436865 1061.95385964 1509.98443701 730.818718972 859.909297542 977.064992721 1039.7663199 694.391820228
456.224725327 302.828334209 567.386993154 448.170726398 289.913780286 86.1452262171 0.0 98.270036125 190.646269305 278.890659578 651.574247496 549.000910746 455.633624747 290.874543403 157.867032657 76.0 122.429571591 218.552053296 281.14409117 859.279349222 882.07766098 767.841780577 604.704886701 485.056697717 391.747367573 297.712948996 252.60641322 228.757513538 262.651860835 304.89670382 946.911822716 796.834361709 663.976656216 558.506938184 609.603969803 483.244244663 373.150103846 358.647459213 403.094281775 156.923548265 167.107749671 1189.3813518 1405.22204651 1398.76016529 1024.92975369 1040.82899652 1365.80672132 1316.45926637 1224.30592582 1292.64457605 1110.78800858 1005.92295928 943.142088977 967.0542901 889.068051389 833.871093155 738.033197085 860.712495552 763.975130485 690.06811258 1636.17175138 1378.81434573 1178.47783178 974.566570328 980.575851222 1417.92101331 1206.65653771 1082.76682624 764.153126016 566.903871922 1312.36046877 1633.81271877 808.940665315 752.005984019 673.484224017 625.614897521 593.013490572 661.039333172 592.912303802 903.675273536 791.737961702 849.952939874 747.728560375 842.838655972 951.590247953 875.856723443 977.652801356 1058.41815933 466.567251315 943.975635279 713.095365291 1065.55947746 1085.56943583 1052.72266053 1473.3974345 665.94068805 790.190483365 903.259099041 964.577109411 647.522200392
550.523387332 395.921709433 665.405891167 546.190442978 387.985824483 184.352922407 98.270036125 0.0 93.0859817588 180.679273853 747.931815074 646.703177663 552.471718733 385.051944548 239.726927983 136.47344064 111.758668568 144.692777981 187.41664814 947.248647399 977.184731768 862.676068985 694.136153791 573.467523056 477.117385975 376.191440626 311.321377358 230.019564385 206.603484966 258.118189983 1042.02927022 886.829183101 748.438374217 640.103897817 686.804193348 552.441852144 414.921679356 363.198292948 369.486129645 254.848974885 258.7740327 1272.81774029 1489.64760934 1485.80651499 1108.77409782 1129.12355391 1455.38482883 1409.82268389 1317.00645405 1382.03075219 1207.92425259 1099.52717111 1034.14118959 1064.31997069 985.519659875 927.569943454 834.117497718 958.541078932 861.965776583 787.708702504 1733.88725124 1476.96987105 1276.74782162 1071.74670515 1078.81416379 1516.17841958 1304.80688226 1180.54944835 854.546078336 662.091383421 1397.46949877 1731.74622852 888.414317759 827.51314189 746.384619348 671.414179177 622.090025639 663.483232644 570.349015954 974.393144475 848.087259661 888.657976952 770.57965195 844.863302553 1013.17175247 895.849317687 968.10433322 1052.79247718 468.796331044 948.517263944 768.204399883 1051.85740478 1084.2324474 1055.86552174 1441.69518276 602.53630596 718.616726774 825.136352369 884.217167895 609.506357637
643.310966796 488.541707534 758.030342401 638.815309773 480.553847139 276.761630289 190.646269305 93.0859817588 0.0 89.185200566 835.792438348 736.803908784 641.311156928 471.484888411 319.555941894 214.294190309 156.400127877 99.4635611669 98.0815986819 1024.90243438 1063.0733747 948.354891378 774.164065299 653.092642739 554.717946348 449.60538253 372.005376305 252.9268669 172.626765016 227.903488345 1127.86524018 966.832457047 823.204105918 712.777665194 754.986754851 614.86665221 457.446171697 375.832409459 344.193259667 347.547119108 351.364483123 1360.22424622 1577.48058625 1575.11269438 1196.5604874 1219.25756098 1546.01746433 1502.12682554 1409.07238991 1472.59227215 1300.97963089 1191.96350615 1125.58473693 1157.3504223 1078.60094567 1020.0730366 927.174740812 1051.33819487 954.620343383 880.611151417 1826.76216295 1569.36452107 1368.53352169 1160.62483172 1170.24826426 1608.18717816 1395.80012896 1270.55657096 945.82873714 755.032449634 1485.74560407 1824.45882387 957.564097071 893.109735699 810.05987433 711.083680026 647.435711094 663.193033739 548.150526772 1034.53806117 895.404377921 919.083238885 787.603961392 841.287703464 1064.27909873 908.639092269 952.200084016 1039.87931992 473.861794197 946.17123186 815.142318862 1031.2928779 1075.13952583 1051.23784178 1402.10199344 538.743909478 645.629150519 745.523306141 802.436913408 571.077052594
728.033653068 573.013961435 846.047280003 726.837671011 568.656310965 365.016437986 278.890659578 180.679273853 89.185200566 0.0 924.863773753 825.96004746 730.486139499 560.446250768 407.413794563 302.423544057 238.002100831 142.298981022 61.400325732 1110.5624701 1151.72435938 1036.97878474 861.055166641 739.991891847 641.063179414 534.734513567 452.409106893 317.619268937 204.533615819 254.656631565 1216.49085488 1053.53927312 907.795681858 796.624127177 836.495666456 693.934434943 526.806416058 427.541810821 365.547534529 435.500861078 436.138739394 1434.53685906 1652.22788985 1652.1531406 1271.61511473 1297.93104593 1625.3418102 1584.97097765 1491.36347012 1551.82795438 1387.7730362 1275.27448026 1206.70170299 1244.32552011 1164.70511289 1103.65438431 1013.0 1139.05311553 1042.58620747 968.096069613 1914.2690511 1657.64803261 1457.27485397 1249.78398133 1259.14455088 1696.79698255 1484.83803831 1359.73085572 1026.80183093 840.238061504 1561.2334867 1912.31064422 1039.09816668 972.839657909 888.957254315 775.516602014 702.35959451 697.352851862 564.553806116 1110.71733578 963.83245432 975.364547233 834.554971227 870.283287212 1134.59067509 951.086221118 968.754354829 1058.59010009 516.50072604 975.304055154 883.733557131 1042.71424657 1097.18230026 1077.5365423 1392.02298832 508.138760576 600.3540622 689.264100327 742.345606844 570.21136432
344.305097261 433.081978383 194.486503388 256.674891643 382.200209314 568.858506133 651.574247496 747.931815074 835.792438348 924.863773753 0.0 117.290238298 196.359364432 364.621721788 521.425929543 623.927079073 699.554143723 822.927700348 912.138695594 291.880112375 234.401365184 126.253712817 162.18816233 229.654087706 318.127332997 421.864907287 524.695149587 688.706759078 821.564970042 827.053202642 298.457702196 217.706224073 236.698119976 271.803237655 316.862746311 394.707486628 562.147667433 704.687874168 848.090797026 504.953463202 531.490357391 865.0 1039.45562676 999.710458083 728.23759859 677.449629124 934.507891887 828.725527542 757.955143792 872.080844876 555.972121603 556.138471965 559.008050031 425.714693193 393.315395071 430.460218836 312.656360882 312.865785921 234.06195761 225.523834661 1038.53984035 768.204399883 558.258900511 326.007668621 360.702093146 797.062732788 573.013961435 440.596187001 457.686573978 303.204551417 948.673284118 1028.63647612 361.300429006 375.898922584 373.630833845 580.235297099 671.751442127 849.811743859 924.244556381 514.198405287 575.543221661 744.790574591 787.022871332 971.870361725 631.516428923 887.308289153 1139.44547917 1181.46096 750.916773018 1031.40729103 546.618697082 1234.34274008 1177.87690359 1124.23929837 1696.8149575 1148.71754579 1292.35444055 1426.47537658 1494.98428085 1028.50765675
233.240219516 316.115485227 109.772492001 139.817738503 269.940734236 464.307010501 549.000910746 646.703177663 736.803908784 825.96004746 117.290238298 0.0 100.0 272.341697138 430.910663595 529.121914118 608.543342746 732.707990949 817.863069224 400.181208954 349.292141337 243.526179291 204.47493734 203.887223729 263.696795582 352.852660469 454.52832695 612.734852934 738.782782691 750.266619276 412.310562562 325.608660818 296.420309696 285.776136163 346.590536512 379.52206787 516.047478436 647.841029883 784.528520833 397.508490475 419.343534587 844.30444746 1033.55938388 1001.93612571 695.647180689 660.367322026 944.632203559 854.461818925 775.023225458 877.715215773 601.295268566 560.62911091 542.045201067 460.838366458 406.354525015 410.440007797 287.327339458 345.392530319 249.839948767 203.027091788 1108.01624537 842.368684128 636.317530797 426.551286483 436.606229914 876.836358735 659.807547699 533.85578577 409.370248064 216.171228428 940.306333064 1101.49443939 444.010135019 440.696040372 416.515305841 586.167211638 660.773032137 830.388463311 883.183446403 592.787482999 619.158299629 775.872412192 792.04040301 968.84931749 700.972182044 902.663281628 1135.86134717 1185.9498303 708.254897618 1038.09440804 576.431262164 1231.83968113 1187.82364011 1136.57247899 1691.83036975 1087.6235562 1229.88007545 1361.29533901 1428.91042406 982.605210652
226.71788637 256.766430828 175.071414 120.619235614 190.965965554 372.533219995 455.633624747 552.471718733 641.311156928 730.486139499 196.359364432 100.0 0.0 173.118456555 331.789089634 431.474217074 509.828402504 633.925074437 720.347138538 444.460346938 429.424032863 317.025235589 205.936883535 146.184814533 175.316856006 255.156814528 355.803316454 512.878153171 638.905313799 650.307619516 493.963561409 372.586902615 296.082758701 247.523736236 314.841229829 310.220889045 424.858800074 551.632123793 686.21060907 308.88994804 338.303118519 917.305837766 1113.30364232 1085.66845768 762.971165903 737.214351461 1031.95445636 947.578492791 865.714156058 963.526854841 699.682785268 648.463568753 620.655298858 558.186348812 499.123231277 490.368228987 369.26548715 443.278693375 346.439027825 291.238733688 1208.01490057 942.223434224 735.730929077 519.370773148 535.933764564 976.238700319 757.856186885 629.922217421 472.423538787 257.157539263 1019.30172177 1201.45328665 454.472221373 433.373972453 390.74928023 524.206066352 586.191948085 749.096122003 791.462570183 593.461877461 585.796039591 728.956788843 725.898064469 895.917964995 689.61003473 842.378181104 1061.59361339 1116.36777094 616.786024485 970.793489883 532.797334828 1157.76897523 1121.75086361 1072.37913072 1614.95820379 989.406387689 1131.28466798 1262.19055614 1329.65597054 888.77049906
285.03508556 206.400096899 322.601921879 216.094886566 117.652029307 213.57200191 290.874543403 385.051944548 471.484888411 560.446250768 364.621721788 272.341697138 173.118456555 0.0 158.675770047 259.38388539 336.756588651 460.822091484 547.987226128 573.474498125 592.159606863 477.624329364 318.201194215 203.214172734 129.838361049 118.562219952 200.803386426 345.73110939 467.05245958 481.300322044 657.000761035 508.378795781 387.506128984 294.146222141 356.405667744 273.592763062 302.034766211 403.529428914 527.185925457 163.367683463 211.293634547 1037.29070178 1242.71034437 1222.24138369 876.393176605 866.097569561 1175.23274291 1101.90789089 1016.04576669 1104.60219084 865.58766165 796.005653246 754.483266879 722.502595151 656.324614806 629.384620085 515.151434046 609.309445192 511.353106962 447.537707909 1379.15988921 1114.5263568 908.63083813 690.220254701 708.875870657 1149.15099095 930.919975078 802.336587724 589.041594457 367.396243857 1148.1959763 1373.31132668 541.908663891 497.313784245 430.215062498 477.126817523 504.000992063 642.990668673 654.835093745 657.684574853 593.337172272 702.512633338 658.016717113 807.203196228 729.945203423 783.778667737 966.782809115 1031.50811921 484.41820775 893.524482037 524.420632699 1062.13793831 1044.611411 1000.13649069 1509.15738079 829.267749282 969.239392514 1097.74541675 1164.44364398 744.411848374
402.548133768 273.117190964 473.753100254 359.489916409 214.848784032 115.156415366 157.867032657 239.726927983 319.555941894 407.413794563 521.425929543 430.910663595 331.789089634 158.675770047 0.0 105.309068935 178.317133221 302.233353553 390.875939398 707.602289425 745.024160682 630.257883727 455.150524552 334.212507247 237.394186955 139.84634425 116.10340219 200.638979264 310.412628609 329.520864286 809.693769273 647.911259356 509.011787683 401.795968123 451.806374457 327.012232187 247.315587863 291.496140626 391.0 129.495173655 184.230833467 1160.1905016 1370.82639309 1355.69318063 996.646878287 997.016048015 1313.71305847 1248.3481085 1160.13318201 1241.89693614 1020.13724567 939.640888851 889.993820203 876.488448298 806.677134918 769.808417725 661.139168406 764.588778364 666.507314288 599.426392479 1536.6300791 1272.77845676 1067.22818553 847.416072541 867.500432277 1307.74691741 1089.51824216 960.463429809 717.241939655 501.543617246 1276.55943849 1531.25112245 651.660187521 594.142238862 515.795502113 485.192745205 472.085797287 573.390791694 546.615952932 746.193674591 640.92511263 713.438154292 630.317380373 750.448532546 797.196337172 759.558424349 898.926582097 972.782092763 390.477912307 846.208012252 563.65326221 991.439862019 993.620148749 955.184275415 1422.2861878 687.160097794 823.89623133 949.056900296 1014.69453532 623.802051936
469.847847712 323.692755557 562.003558708 444.253306122 289.126269993 105.209315177 76.0 136.47344064 214.294190309 302.423544057 623.927079073 529.121914118 431.474217074 259.38388539 105.309068935 0.0 84.1724420461 206.021843502 288.877136513 812.266581856 849.421567892 734.659785207 560.346321483 439.344966968 341.809888681 239.735270663 180.693109996 162.289864132 229.612717418 261.705941851 914.160817362 753.09561146 612.412442721 503.700307723 550.513396749 417.972487133 297.699512932 287.088836425 347.397466888 166.784291826 199.832429801 1218.42028873 1432.32712744 1421.87833516 1053.95683024 1062.86640741 1384.59669218 1327.21098549 1236.90460424 1311.96112747 1109.07619215 1016.96853442 960.469156194 965.087560794 891.373098091 845.456681327 742.652677905 855.30930078 757.481352906 687.088058403 1629.88895327 1368.35704405 1164.52994809 949.604128045 965.186510473 1404.89003128 1188.89023884 1061.35762116 783.695093771 576.211766628 1338.6777058 1625.69861906 751.974068702 691.567061101 611.003273314 551.356508985 517.015473656 588.024659347 528.67475824 839.860107399 720.68370316 774.733502567 671.810985323 769.49398958 882.815949108 800.033124314 907.002205069 986.541940315 394.549109744 869.985057343 641.505261085 996.032629988 1012.61888191 978.877418271 1410.24962329 626.422381465 756.984147786 876.267653175 939.915421727 590.556517194
553.709310017 406.162529045 645.111618249 527.79730958 373.230491788 184.390889146 122.429571591 111.758668568 156.400127877 238.002100831 699.554143723 608.543342746 509.828402504 336.756588651 178.317133221 84.1724420461 0.0 124.169239347 213.927557832 873.124275232 921.355523129 806.684572804 625.275139439 504.457133957 404.827123597 297.378546637 215.66872745 119.419428905 146.700374914 183.806963959 985.842279475 817.246596812 669.897007009 558.624202841 599.174432031 458.469191986 306.740933036 253.237043104 281.016013779 249.899979992 277.823685095 1300.06499838 1514.53887372 1504.93754023 1135.53951935 1146.02355997 1468.29458897 1411.38300968 1321.04201296 1395.58339056 1192.30574938 1101.1312365 1044.24230905 1048.34774765 975.205106631 929.593459529 826.710348308 938.043175979 840.100589215 770.405737258 1712.01314247 1449.48887543 1244.71884376 1025.56179726 1045.10764996 1485.20335308 1267.67227626 1138.78048807 867.12225205 660.367322026 1421.05488986 1707.36434307 801.804215504 736.806623206 653.666581676 562.84367279 510.468412343 555.341336477 474.067505742 878.371219929 743.119102163 777.884952933 658.899840643 737.197395546 910.501510158 784.431003977 865.258342924 948.275276489 360.072214979 840.200571292 662.944944924 951.193986524 978.031696828 948.089658207 1352.87730412 547.430360868 675.529422009 793.221280602 856.468329829 525.376055792
670.465509926 519.293751166 768.016275869 650.110759794 494.037447973 296.920864878 218.552053296 144.692777981 99.4635611669 142.298981022 822.927700348 732.707990949 633.925074437 460.822091484 302.233353553 206.021843502 124.169239347 0.0 98.5951317257 987.60720937 1042.94678675 928.444936439 743.444012687 623.31773599 523.256151421 414.468334134 323.303263207 176.819116614 73.1641988954 128.456218222 1107.240263 934.26013508 782.738781459 670.397643194 705.659974775 560.357029045 386.419461208 286.295302092 244.752936652 366.305883109 385.253163517 1407.88813476 1623.77399905 1617.00247371 1243.45486448 1258.78671744 1583.05685305 1530.18953074 1438.98644886 1510.02682095 1315.03802226 1219.65568912 1159.71030865 1171.04269777 1096.75384659 1047.75665114 947.383765958 1061.31851958 963.4671764 893.035833548 1835.72574204 1573.55393934 1368.88604347 1148.89381581 1169.2766995 1609.36788833 1391.73452928 1262.5549493 981.307800845 779.10782309 1530.89418315 1831.28288366 907.62547342 839.029200922 754.380540576 633.372718074 560.802995712 565.96289631 448.742687963 973.062176842 822.350290326 833.693588796 695.84840303 743.016823497 993.600020129 814.740449468 852.737943333 940.478601564 379.328353804 848.000589622 742.359751064 931.967810603 975.975409526 952.606949376 1306.82248221 457.849320192 575.265156254 685.263452987 746.131355728 474.605099003
736.981003826 582.794131748 845.819129602 726.862435403 568.900694322 366.034151412 281.14409117 187.41664814 98.0815986819 61.400325732 912.138695594 817.863069224 720.347138538 547.987226128 390.875939398 288.877136513 213.927557832 98.5951317257 0.0 1084.47452713 1135.18500695 1020.48272891 838.552323949 717.948466117 618.090608244 509.867629881 421.01781435 274.488615429 149.465715132 196.468827044 1199.70829788 1030.05873619 880.02556781 767.885408118 804.005596995 658.92108784 483.823314858 375.2572451 305.196657911 437.07322041 445.812740957 1458.15294122 1675.34026395 1672.53579932 1294.41299437 1316.26175208 1642.70812989 1596.83593396 1504.21441291 1569.33234211 1391.04852539 1286.42333623 1221.55351909 1247.16959552 1170.0017094 1114.40611987 1019.12560561 1139.55956404 1042.24757136 969.618481672 1915.03524772 1655.41686593 1452.63897786 1238.04119479 1253.54098457 1692.83253749 1477.66911046 1350.20072582 1041.96161158 847.991745243 1583.50118409 1911.80804476 1006.08399252 937.620925534 852.974208285 727.771942301 649.831516626 638.204512676 503.321964552 1071.2782085 918.203136566 922.766492673 778.555071912 810.030246349 1090.0100917 893.532875724 907.403438389 997.304868132 460.11411628 914.997267755 838.422924305 981.330219651 1036.0815605 1016.82692726 1333.03038225 454.009911786 553.24949164 649.249566808 705.269452054 509.345658664
633.090830766 700.755306794 486.173837223 537.568600273 632.73770237 786.588837958 859.279349222 947.248647399 1024.90243438 1110.5624701 291.880112375 400.181208954 444.460346938 573.474498125 707.602289425 812.266581856 873.124275232 987.60720937 1084.47452713 0.0 191.441897191 189.952625673 255.31353274 374.252588501 470.464663923 575.847201956 664.765372143 825.055755692 966.294468576 955.774555008 216.667948714 74.6324326282 205.91260282 318.554547919 299.365996733 445.394207416 642.893459292 793.136179984 941.628376803 734.468515322 774.113686741 1078.17670166 1222.32974275 1169.13857177 963.229982922 893.411439372 1091.52416373 959.541557203 911.092750493 1040.53495857 668.784718725 747.818159715 782.084394423 580.986230474 591.798107466 667.797873611 567.950702086 497.530903563 463.146844964 490.979632979 1043.43902553 776.659513558 579.852567469 322.342985033 435.908247226 783.824597726 560.564893656 429.661494668 721.759655287 593.859410972 1138.92273662 1023.20330336 155.640611667 226.296265988 291.207829565 534.158216262 653.106423181 833.144645305 955.967572672 282.336678453 432.023147528 611.530048321 715.251703948 905.433597786 410.761487971 781.108187129 1065.31216082 1085.65372012 800.456119972 937.403328349 445.737590966 1153.54237027 1068.92469333 1011.78851545 1609.20011186 1220.49580089 1362.80666274 1500.52324207 1569.84075626 1066.31796384
560.315982281 664.896984502 397.724779213 485.149461506 616.601167693 800.769629794 882.07766098 977.184731768 1063.0733747 1151.72435938 234.401365184 349.292141337 429.424032863 592.159606863 745.024160682 849.421567892 921.355523129 1042.94678675 1135.18500695 191.441897191 0.0 114.769333883 310.652539021 423.562274052 522.682504012 631.482382969 731.322774157 896.81491959 1034.51679542 1033.76254527 64.8459713475 165.469030335 318.888695315 414.146109483 424.417247529 551.204136414 742.025606027 891.596882004 1039.53547318 738.291270435 765.873357677 895.424480344 1032.8697885 978.491185448 789.558104258 713.410120478 900.302726865 768.251260982 720.0 850.113521831 477.486125453 563.313411877 606.585525709 392.765833545 413.358198177 502.298715905 419.211163973 319.682655144 307.936681803 357.576565228 878.569860626 607.231422112 401.931586218 138.798414977 244.675295034 622.720643628 393.894655968 256.727481973 572.011363523 491.517039379 950.791775312 862.046982478 339.991176356 398.923551573 444.288194757 686.691342599 798.25935635 980.866963456 1084.80597343 473.77631853 612.694050893 793.0 881.002270145 1071.86752913 602.200132846 957.883082636 1235.47561692 1262.05942808 918.705611173 1112.3241434 614.550242047 1326.21642276 1248.53914636 1191.91694342 1785.54333467 1332.48639768 1476.39154698 1612.97241142 1682.18013304 1193.55100436
466.649761599 559.260225655 309.375176768 382.604234164 506.131405862 687.025472599 767.841780577 862.676068985 948.354891378 1036.97878474 126.253712817 243.526179291 317.025235589 477.624329364 630.257883727 734.659785207 806.684572804 928.444936439 1020.48272891 189.952625673 114.769333883 0.0 203.354370496 311.04501282 409.351926831 517.820432196 618.35669318 783.883282128 920.910962037 921.262720401 179.51323071 125.251746495 232.107733607 312.872178373 334.439830164 448.894196888 635.019684734 783.367729741 930.510612513 625.429452456 654.841965668 901.06215102 1057.38167187 1009.59051105 779.005776615 714.31785642 936.948771278 816.035538442 756.61615103 880.532225418 529.306149596 575.543221661 600.021666275 419.415068876 414.512967228 481.302399745 378.282962873 322.007763882 275.486841791 301.239107687 971.366563147 698.960656976 489.228985241 233.308808235 306.414751603 720.153455869 491.350180625 353.956211981 531.895666461 412.656031096 970.563238537 957.465926287 302.208537272 342.286429763 368.917334914 602.917075558 708.357254498 890.554883205 984.881718787 451.685731455 556.138471965 734.205012241 804.005596995 993.728333097 577.259906801 891.003928162 1159.64994718 1192.63154411 815.931369663 1042.08876781 544.797209978 1252.40009582 1183.21680177 1127.61074844 1714.18464583 1226.02610086 1370.03649586 1506.04780801 1575.11459901 1092.49805492
423.382805508 459.787994624 313.209195267 318.234190495 384.439852253 531.286175239 604.704886701 694.136153791 774.164065299 861.055166641 162.18816233 204.47493734 205.936883535 318.201194215 455.150524552 560.346321483 625.275139439 743.444012687 838.552323949 255.31353274 310.652539021 203.354370496 0.0 121.078486941 220.476756144 328.975682992 425.010588103 589.733838269 729.225616665 725.430906427 372.034944595 192.761510681 93.0859817588 113.463650567 154.87091399 246.521804309 432.056709241 581.116167388 728.903971727 479.767652098 521.211089675 1024.49987799 1201.38461785 1161.89586452 883.919113947 837.36551159 1096.35760589 988.243391073 919.248062277 1034.21951248 710.62929858 718.298684393 718.585415939 585.041878843 555.497974794 588.61957154 467.954057574 473.845966533 396.042926966 379.728850629 1173.05157602 900.74691229 690.410023102 436.66005084 500.84828042 923.21611771 694.596285622 557.297048261 605.099991737 420.637611252 1110.33418393 1159.9396536 248.919665756 236.603043091 216.316897167 419.087103118 515.023300444 695.431520712 782.557985072 392.001275508 419.886889531 584.835019471 625.448638978 811.377224231 496.813848438 725.159982349 978.803861864 1019.58079621 612.784627745 869.419346461 385.783618107 1073.3839015 1015.69926652 962.056651139 1535.98177073 1023.00782011 1167.00171379 1303.22100965 1372.35017397 889.683651643
371.102411741 370.482118327 307.050484448 266.084573021 286.681007393 413.87558517 485.056697717 573.467523056 653.092642739 739.991891847 229.654087706 203.887223729 146.184814533 203.214172734 334.212507247 439.344966968 504.457133957 623.31773599 717.948466117 374.252588501 423.562274052 311.04501282 121.078486941 0.0 100.089959536 209.153054006 307.782390659 473.254688302 611.400032712 610.319588412 486.795645009 313.765836254 184.458667457 105.004761797 173.046236596 175.855053951 332.579313849 476.70955518 622.007234685 366.531035521 412.171080985 1047.94083802 1237.13580499 1204.35625958 897.824593114 864.252856518 1145.08514967 1048.72541688 972.804708048 1079.24140024 783.000638569 761.609479983 745.9148745 648.396483643 603.710195375 614.2939036 491.150689707 533.158513015 443.497463352 405.908856765 1267.09510298 995.984437629 785.530394065 541.335385875 589.590535881 1022.63385432 796.002512559 660.436219479 609.237228015 400.384814897 1144.02534937 1256.31206314 340.812265038 303.935848494 250.017999352 383.742100896 457.411193567 629.575253643 695.201409665 465.983905301 440.500851305 583.249517788 588.695167298 765.010457445 552.438231841 701.419275469 932.109972053 982.202117693 521.464284491 834.655617605 386.627727924 1028.04717791 984.725850174 933.99411133 1488.38839017 920.82843136 1064.69197423 1199.60201734 1268.37888661 798.952439135
370.158074341 327.879551055 350.385501983 275.835095664 238.302328986 326.075144714 391.747367573 477.117385975 554.717946348 641.063179414 318.127332997 263.696795582 175.316856006 129.838361049 237.394186955 341.809888681 404.827123597 523.256151421 618.090608244 470.464663923 522.682504012 409.351926831 220.476756144 100.089959536 0.0 109.110036202 209.121973977 374.598451679 511.851540976 512.285076886 586.255916814 412.53969506 272.237029076 169.198108736 228.081125918 152.777616162 252.366796548 388.146879416 530.091501535 287.758579368 339.365584584 1091.77378609 1288.60738784 1260.76326089 936.092409968 912.401775535 1206.15504808 1118.1560714 1038.20470043 1138.17397616 861.517266223 822.294959245 795.967964179 723.018671958 669.940295847 665.640293252 544.210437239 607.289058028 513.127664427 464.26285658 1356.14895937 1086.24536823 876.385759811 637.427642953 678.428330776 1115.00044843 889.855044375 755.466743146 645.278234562 425.913136684 1194.58109813 1346.66773927 420.020237608 370.314731006 300.780650973 366.136586536 414.773432129 574.094939884 619.487691565 529.419493408 466.052572142 585.021367131 560.257083846 724.268596586 600.121654334 681.358202416 888.880756907 946.321826864 444.559332373 802.800099651 399.891235213 985.030456382 954.21014457 906.499310535 1440.75605152 831.445127474 974.837935249 1108.54003085 1176.9660148 719.433805155
403.073194346 317.505905457 423.467826405 327.273585857 232.441390462 244.969385842 297.712948996 376.191440626 449.60538253 534.734513567 421.864907287 352.852660469 255.156814528 118.562219952 139.84634425 239.735270663 297.378546637 414.468334134 509.867629881 575.847201956 631.482382969 517.820432196 328.975682992 209.153054006 109.110036202 0.0 103.0 267.172229096 403.094281775 405.394869232 695.201409665 520.194194508 373.630833845 264.024620064 312.057686975 191.018323728 183.869518953 296.986531681 431.71286754 226.565663771 284.176001802 1151.44474466 1354.5958807 1331.61443369 991.639047234 977.576595465 1281.64932801 1201.73208329 1118.46412549 1211.9674088 954.132590367 899.715510592 864.060183089 813.172183489 753.600026539 736.571788762 618.753585848 698.015042818 601.518910758 544.893567589 1456.68287558 1188.10773922 979.051071191 744.323182495 780.041024562 1218.56185727 994.831141451 861.47838046 702.738215839 480.479968365 1260.13372306 1448.331799 512.577798973 454.297259512 376.268521139 372.973189385 388.231889468 524.452095048 542.40390854 606.90196902 511.096859705 601.61200121 544.096498794 689.215496053 661.928243845 671.268947591 848.293581256 913.59728546 369.716107304 776.739982233 436.479094574 943.603730387 927.555928233 883.893658762 1390.9439241 734.772073503 877.141949744 1009.12338195 1077.03296143 636.114769519
480.800374376 370.919128652 519.878832037 416.832100491 297.200269179 229.558271469 252.60641322 311.321377358 372.005376305 452.409106893 524.695149587 454.52832695 355.803316454 200.803386426 116.10340219 180.693109996 215.66872745 323.303263207 421.01781435 664.765372143 731.322774157 618.35669318 425.010588103 307.782390659 209.121973977 103.0 0.0 165.529453572 304.217027794 303.209498532 794.553962925 613.332699275 459.548691653 347.113814188 384.110661138 242.991769408 131.244047484 202.805325374 330.49810892 242.167297544 298.839421764 1236.96160005 1443.27994512 1423.03619069 1075.30693293 1066.80316835 1375.57042713 1299.53260829 1214.91440028 1305.14213785 1055.46198416 995.321556081 955.26593156 913.901526424 852.187772736 829.752372699 714.18555012 799.081973267 702.099708019 643.123627307 1559.57173609 1291.09914414 1082.04620973 846.310817608 883.036239347 1321.51806647 1097.5654878 963.893147605 789.240140895 568.008802749 1348.7668442 1551.3097692 586.693275912 521.138177454 438.115281633 374.213842609 355.984550227 463.237520069 455.834399755 664.036896565 540.00462961 600.841077158 514.217852666 637.753087017 702.613691868 643.457069275 789.491608568 861.072006281 289.214453304 732.024589751 460.926241388 883.101919373 880.32550798 840.83589362 1320.86713942 633.688409236 775.490167571 906.819166097 974.565031181 543.658900415
603.096178068 468.73553311 667.971556281 557.021543569 415.480444787 264.024620064 228.757513538 230.019564385 252.9268669 317.619268937 688.706759078 612.734852934 512.878153171 345.73110939 200.638979264 162.289864132 119.419428905 176.819116614 274.488615429 825.055755692 896.81491959 783.883282128 589.733838269 473.254688302 374.598451679 267.172229096 165.529453572 0.0 141.322326615 138.361844451 959.960415851 776.338199498 619.164759979 506.501727539 535.956154923 388.567883387 209.602003807 133.843191833 191.668985493 314.428052184 357.106426713 1360.21542411 1571.32205483 1556.30845272 1196.42509168 1197.65479167 1513.85137976 1446.01694319 1358.77187195 1442.18861457 1210.83442303 1138.32025371 1090.36920353 1068.02621691 1001.76244689 969.270344125 858.613417086 954.360518882 856.583912994 793.180937744 1720.37670293 1453.11148918 1244.77789183 1011.44747763 1045.32339494 1484.69862262 1261.71708398 1128.62837108 917.877987534 701.685114564 1477.09038315 1713.00262697 736.394595309 665.814538742 580.700439125 459.064265654 396.061863855 436.395462855 366.39459603 796.917185158 646.232930142 666.610830995 541.335385875 618.363161904 817.0495701 665.973723205 749.360393936 831.105889764 241.049787388 721.068651378 566.117478974 836.847058906 859.823819163 829.135091526 1247.96233918 486.815159994 624.734343541 752.109699445 818.71423586 430.935029906
699.30608463 552.786577261 783.868611439 668.300082298 516.577196554 331.024168302 262.651860835 206.603484966 172.626765016 204.533615819 821.564970042 738.782782691 638.905313799 467.05245958 310.412628609 229.612717418 146.700374914 73.1641988954 149.465715132 966.294468576 1034.51679542 920.910962037 729.225616665 611.400032712 511.851540976 403.094281775 304.217027794 141.322326615 0.0 55.3172667438 1098.08924956 916.965102935 760.424223707 647.743776504 676.923186189 529.151207123 343.739727119 226.119437466 171.60710941 396.243611936 423.977593748 1446.73770947 1661.23598564 1651.40546202 1282.20786146 1292.42756083 1614.12824769 1555.04501543 1465.3822027 1541.53430062 1330.52921802 1245.18151287 1189.95840263 1186.83613022 1116.07347428 1074.02467383 968.995872024 1074.98465105 976.903270544 909.525150834 1846.21233882 1581.12776207 1374.2503411 1146.21551202 1174.45348993 1614.65352321 1393.7783181 1262.15450718 1013.30745581 804.707400239 1567.73722288 1840.22009553 876.760514622 805.248408878 719.928468669 580.826996618 500.432812673 495.141393947 375.618157176 932.463940322 772.767105925 773.32658043 630.079360081 671.04768832 945.309473136 746.783101041 779.580015136 867.392068214 311.969549796 776.092777959 693.452954424 858.897549187 903.119593409 880.250532519 1237.0004042 403.317492802 529.09072946 646.703177663 710.327389307 404.411918717
